201302010504
201302020305
201302020402
201302030102
201302030204
201302040301
201302040401
201305020107
201305020401
201305050408
201305050504
201305050601
201306030703
201306050504
201306050509
201308010603
201308020302
201308020509
201308020603
201308030801
201308040211
201308040307
201308040601
201308050102
201308050202
201309010304
201309010811
201309020101
201309020202
201309020411
201309040209
201309050204
201309050309
201310021201
201401010512
201402010202
201402010409
201403020101
201404030203
201404030609
201405040402
201405040602
201405050203
201405050303
201406030802
201408010904
201408020411
201408030503
201408030806
201408040204
201408040403
201408050406
201408050802
201409010109
201409010311
201409010509
201409020611
201409050705
201410020301
201504020301
201504030302
201504030401
201505030501
201505040501
201505050104
201505050209
201506030603
201506040109
201506050701
201506050801
201508040409
201508040808
201509040101
201509040102
201509040502
201509050707
201510010101
201510020701
201510020901
201510021104
201601010201
201601020401
201602020501
201603010102
201603010103
201605030309
201605040701
201605050101
201606010502
201606020305
201606050901
201607020101
201608010201
201608020411
201608020701
201608031002
201608040401
201608040603
201608050308
201608050408
201609010201
201609010206
201609010608
201609020605
201609030501
201609040605
201609040611
201609040705
201609040802
201701010101
201701010201
201701010205
201702020101
201702020501
201702020605
201704010401
201704030102
201704030111
201704030301
201705010409
201705030501
201705040207
201705040701
201705050102
201705050206
201705050511
201706020305
201706050111
201706050504
201706050710
201707040110
201708010301
201708010401
201708020301
201708020809
201708030209
201708040103
201708040603
201708040803
201708050203
201708050307
201709010811
201709020111
201709040101
201709040205
201709040401
201709040502
201709040601
201709040803
201709050101
201709050105
201709050601
201710020201
201801010101
201801010201
201801010402
201801010510
201801010609
201801020401
201801020405
201802020205
201804020201
201804020301
201804020305
201805030701
201805040102
201805040111
201805040401
201805040403
201805040602
201805040608
201805040702
201805040903
201805050303
201805050405
201805050702
201806030703
201806030711
201806040109
201806040202
201806040502
201806050701
201807030105
201807030201
201808010602
201808020105
201808020202
201808040101
201808040310
201808040402
201808040505
201808050102
201808050104
201808050304
201808050310
201808050402
201808050704
201809010306
201809010501
201809010601
201809010606
201809010701
201809010711
201809030405
201809040102
201809040308
201809040309
201809040403
201809040502
201809040506
201809040612
201809040705
201809040801
201809050203
201809050303
201810010403
201810020101
201810020301
201810020601
201901010201
201901010401
201901020209
201901020401
201902020101
201902020406
201904010102
201904010205
201904030111
201905020206
201905030205
201905030501
201905030701
201905040105
201905040201
201905040609
201905040801
201905040811
201905040902
201906040101
201906050702
201907010202
201907030201
201907030709
201907040101
201907040201
201908010601
201908020507
201908030211
201908031006
201908040209
201908040310
201908050107
201908050205
201908050711
201909010110
201909010508
201909040201
201909040205
201909040309
201909040603
201909040711
201909050301
201909050302
201910010202
201910020201
202001010101
202001010408
202001020205
202001020405
202001020501
202005040701
202006020206
202006020503
202006030503
202006030601
202006030802
202006040202
202007020711
202008010602
202008010701
202008010801
202008020301
202008031106
202008040611
202009010707
202009040401
202009040405
202009050308
202009050311
202009050409
202009060302
202009060502
202101020301
202101020610
202102010505
202102010610
202102010801
202104030102
202104030401
202104030502
202104040102
202104040701
202105020707
202105030105
202105030108
202105030701
202105040703
202106010810
202106040207
202107010103
202107010501
202107020303
202107020403
202107030306
202107030401
202107030811
202107050103
202107050205
202107050310
202109010908
202109020804
202109021009
202109021201
202109030205
202109040309
202109040709
202109050101
202109050201
202109050301
202109050601
202109050610
202109050709
202109060101
202109060103
202109060303
202110030205
202110040601
202110040708
202201010101
202201020501
202201020702
202202010901
202202011005
202203020302
202203020610
202204020101
202204030102
202204030401
202205021001
202205021207
202205030107
202205030209
202205030701
202205040401
202205040501
202205050804
202206010807
202206020505
202206020803
202206030110
202206040601
202206050503
202207010108
202207010602
202207010701
202207010707
202207030102
202207030104
202207030802
202207040209
202207050102
202207050205
202207050402
202207050403
202209010804
202209010809
202209010901
202209010903
202209010904
202209010906
202209011201
202209011207
202209011211
202209020103
202209020302
202209020902
202209020904
202209021101
202209021106
202209040305
202209040402
202209040509
202209050203
202209050807
202209060101
202209060201
202209060301
202209060701
202210030101
202210030201
202210030303
202210030603
202210040102
202210040109
202210040402
202301010101
202301010301
202301020401
202301020501
202301020605
202302010602
202302020301
202302020402
202303020301
202303020702
202304020105
202304030102
202305010506
202305020109
202305030209
202305030405
202305030601
202305030609
202305040111
202305040404
202305040609
202305040706
202305050204
202305050808
202306010702
202306020202
202306020506
202306020702
202306030303
202306030403
202306040406
202306040703
202306050201
202307010801
202307011207
202307030501
202307030601
202307040403
202308010206
202308010905
202308020408
202308020503
202308020511
202308030408
202308030702
202309011102
202309020707
202309040103
202309040301
202309040303
202309040803
202309050103
202309050406
202310010303
202310030208
202310030402
202310030701
202401010101
202401010301
202401010601
202401020201
202401020501
202402010605
202402010701
202402010801
202404020101
202404020302
202404020403
202404030101
202404030405
202404030705
202404030808
202404040704
202405010307
202405010407
202405020302
202405020805
202405020906
202405021102
202405030403
202405030609
202405030701
202405030710
202405040202
202405040606
202405050505
202405050701
202406010402
202406020301
202406030306
202406030706
202406040506
202406040601
202406040609
202406040902
202406040909
202407010307
202407020205
202407020403
202407030103
202407030111
202407030203
202407030206
202407030402
202407030608
202407040301
202407040303
202408020107
202408020404
202408020802
202408030504
202408040409
202408040701
202408050108
202408050201
202408050302
202408050601
202408050606
202408060206
202408070103
202408070403
202409010103
202409010704
202410030801
202501010108
202501010301
202501020101
202501020105
202502010312
202502010805
202502010905
202502011101
202503020110
202503020206
202503020305
202503020501
202503020510
202504020201
202504020202
202504020403
202504020704
202504020803
202504030101
202504030201
202505020205
202505020408
202505020501
202505020607
202505020808
202505030209
202505030509
202505040508
202505040802
202505041103
202505050301
202505050601
202505050802
202506010402
202506010501
202506030101
202506030302
202506030403
202506030705
202506040401
202506040703
202507010204
202507010602
202507030301
202507030401
202507030801
202507030808
202507040205
202508030102
202508030302
202508040302
202508040502
202509010406
202509030107
202509030110
202509030308
202509040102
202509040106
202509040202
202509040208
202509040302
202509040303
202509040409
202509040802
202509050405
202509050601
202510020301
202510020310
202510020406
202602010503
202602010605
202602010705
202602010805
202602011101
202603020203
202603020301
202603020801
202604010803
202604020202
202605020212
202605020306
202605030105
202605030112
202605030304
202605030305
202606010706
202606010902
202606020504
202607010202
202607010301
202607010305
202607010501
202608010601
202608020104
202608020207
202608020301
202608020402
202608020610
202608030305
202609010404
202609010902
202609020503
202610020101
202610020704
202610020705
